bias_ax: -0.374946
bias_ay: -0.415610
# bias_wz: -0.0118
bias_wz: -0.015
